Ukraine-Russia Combat Events -> 5, 6, 22, 24, 25, 32, 58, 60, 99, 107, 191, 
Russia: Internal Politics -> 37, 38, 39, 41, 42, 43, 57, 61, 62, 63, 68, 83, 84, 114, 115, 116, 118, 119, 120, 121, 122, 123, 124, 125, 126, 127, 128, 129, 130, 131, 132, 133, 143, 189, 

Other Countries' Political Relations
Personal War Stories -> 7, 8, 113, 142, 166, 168, 169, 170, 171, 2374, 2375, 2376, 2377, 2378, 2380, 2350, 2351, 2532, 2533, 2534, 2535, 2593, 2639, 2640, 2641, 2642, 2643, 2644, 2645, 2646, 2650, 2695, 2696, 2697, 2698, 2699, 2700, 2701, 2702, 2703, 2704, 2705, 2706, 2707, 2708, 2709, 2710, 2711, 2719, 2723, 2724, 2728, 2732, 2733, 2736, 2737, 2739, 2740, 2741, 2853, 2854, 2855, 2855, 2861, 2862, 2863, 2864, 2865, 2866, 2867, 2868, 2869, 2870, 2888, 2889, 2890, 2891, 2892, 2893, 2999, 3007, 3008, 3009, 3017, 3030, 3072, 3073, 3074, 3075, 3105, 3106, 3107, 3112, 3117, 3153, 3154, 3155, 3156, 3157, 3158, 3159, 3160, 3161, 3162, 3163, 3164, 

Ukraine Foreign Relations -> 49
[Economic] Administration -> 56, 2363, 2887, 2894, 2992, 2993, 2994, 2995, 2996, 3000, 3001, 3006, 3018, 3019, 3022, 3023, 3025, 2036, 3027, 3028, 3029, 3033, 3034, 3035, 3036, 3037, 3038, 3039, 3040, 3083, 3084, 3085, 3086, 3087, 3088, 3089, 3090, 3091, 3092, 3093, 3094, 3095, 3096, 3097, 3098, 3099, 3110, 3111, 3118. 3119, 3120, 3174, 3175, 3176, 3177, 3178, 3179, 3180, 3181, 3182, 

Weaponry and Military Deployment Operations -> 0, 16, 50, 51, 52, 59, 103, 110, 111, 112, 135, 136, 137, 138, 139, 164, 165, 167, 2317, 2328, 2329, 2330, 2331, 2332, 2333, 2334, 2335, 2336, 2337, 2338, 2339, 2340, 2341, 2342, 2345, 2346, 2347, 2348, 2349, 2350, 2351, 2352, 2353, 2354, 2355, 2356, 2357, 2358, 2359, 2360, 2361, 2362, 2364, 2365, 2366, 2367, 2368, 2369, 2370, 2371, 2373, 2555, 2556, 2557, 2558, 2559, 2560, 2561, 2562, 2563, 2564, 2565, 2566, 2567, 2568, 2569, 2570, 2571, 2572, 2573, 2574, 2575, 2576, 2577, 2589, 2590, 2591, 2652, 2653, 2936, 2983, 3004, 3005, 3048, 3109, 3126, 3166, 3167, 3168, 3169, 3170, 3171, 




--------------------
last stopped at 3189